0	48.941563	43.970394	49.757252	-15555.811523	45.764465	38.171124	50.501106	-16024.396484	6.075899	73.079079	0.026239	-0.004326	48.359264	0.838787	99.181717	-61807.773438	
1	49.751297	49.283932	36.963428	-8584.685547	43.778133	42.584496	36.926975	-8567.760742	6.075899	73.079079	0.026239	-0.004326	7.443529	16.545549	78.080338	-38305.687500	
2	52.274677	49.199005	28.095354	-4959.625977	48.326813	41.130989	27.208237	-4651.367676	139.707642	169.068176	48.766651	3618.326172	8.771149	51.844299	74.536896	-34907.800781	
3	54.830616	46.539429	21.111940	-2800.503906	53.730484	42.584496	19.331266	-2348.013184	6.075899	73.079079	0.026239	-0.004326	139.707642	269.278900	48.766651	-14942.585938	
4	51.016083	42.309433	16.009209	-1610.347534	52.885860	42.716896	15.357575	-1481.921509	6.075899	73.079079	0.026239	-0.004326	39.033485	43.316349	34.049271	-7284.428711	
5	50.130005	43.105278	12.269632	-945.895142	53.469837	42.122765	11.936486	-895.226440	108.528778	158.123856	12.151917	334.174683	54.665302	17.678192	25.436108	-4065.193115	
6	44.324741	38.936020	9.666348	-587.089966	50.321957	40.586502	10.349962	-673.065613	125.484184	149.894562	16.818550	888.642273	115.723839	50.931767	17.667595	-1961.258179	
7	39.095673	35.988277	7.999046	-402.027954	43.178234	35.325684	8.032445	-405.392212	125.484184	167.759811	12.180711	466.117249	15.179899	53.443581	16.253420	-1659.852051	
8	32.891857	29.177130	6.708414	-282.761047	39.920341	32.934357	6.772632	-288.200531	27.051508	73.079079	0.018851	-0.002233	18.441259	25.656281	15.658113	-1540.489502	
9	33.304077	17.647346	5.350441	-179.870163	40.758446	22.423983	5.399656	-183.194366	27.051508	73.079079	0.018851	-0.002233	24.095894	148.048157	11.027296	-764.043274	
10	31.655811	3.492388	4.417901	-122.634262	38.312279	7.767836	4.706844	-139.200089	115.531593	159.975998	4.089561	52.541607	-37.765633	2.521417	7.613644	-364.221008	
11	39.179710	-5.287545	3.723755	-87.124847	39.877678	-6.052101	3.998582	-100.459694	156.089752	129.509354	2.906018	26.530569	196.116730	-121.090317	6.417398	-258.760437	
12	35.088856	-6.570259	3.134255	-61.723225	34.949875	-4.688564	3.232512	-65.653847	156.089752	129.509354	2.906018	26.530569	-6.105694	30.571182	5.277285	-174.985062	
13	33.767094	-1.927482	2.686427	-45.345070	34.664757	-3.227571	2.829309	-50.296852	149.080780	141.376404	2.427325	18.509964	10.219715	31.389076	4.326567	-117.616074	
14	37.289169	-6.342148	2.342200	-34.468941	34.757149	-13.731537	2.493893	-39.078285	123.784096	180.278610	2.921822	26.819918	36.445747	-142.274734	4.174058	-109.470459	
15	44.920033	-7.671926	1.988564	-24.846153	34.854240	-15.208357	2.153848	-29.148092	123.784096	180.278610	2.921822	26.819918	-5.349545	78.437187	3.670531	-84.652069	
16	42.176441	-1.369089	1.653777	-17.184366	33.792046	0.286794	1.787615	-20.078350	123.784096	180.278610	2.921822	26.819918	146.762268	20.842871	3.210175	-64.749634	
17	52.237362	5.975904	1.421937	-12.704011	40.250416	2.523589	1.493699	-14.018643	140.078217	153.574341	2.722616	23.287493	25.040535	58.012302	2.763255	-47.975765	
18	53.939014	-1.163243	1.199124	-9.034588	46.859421	-0.489855	1.231114	-9.523064	123.784096	180.278610	1.876722	11.064961	-27.908630	147.156708	3.112693	-60.876904	
19	55.312149	-0.146081	1.008827	-6.394594	52.675484	0.617802	1.030394	-6.670930	123.784096	180.278610	1.876722	11.064961	24.522156	96.329643	1.717557	-18.535412	
20	55.738857	-0.662818	0.874891	-4.809369	55.853901	-4.571104	0.923753	-5.361571	123.784096	180.278610	1.876722	11.064961	36.549572	-42.561646	1.959299	-24.120232	
21	58.227962	9.280741	0.748121	-3.516602	55.974670	7.482237	0.813258	-4.155625	180.635956	129.862305	1.030394	3.335465	233.078796	180.278610	1.876722	-22.129923	
22	59.931252	21.301193	0.621863	-2.429791	55.899815	25.698654	0.637361	-2.552414	180.635956	129.862305	1.333851	5.589388	94.446892	-17.949812	1.161662	-8.478895	
23	53.336449	35.401348	0.527353	-1.747362	45.992340	45.331745	0.526927	-1.744539	185.187637	100.656677	1.071460	2.136658	207.918274	129.862305	1.450375	-13.217233	
24	58.321854	41.684357	0.439581	-1.214110	60.222622	55.100780	0.435515	-1.191753	185.187637	100.656677	1.071460	2.136658	47.822159	42.467010	0.826239	-4.289346	
25	63.338173	44.215298	0.375241	-0.884711	58.894524	59.095272	0.374740	-0.882347	185.187637	182.659149	1.071460	3.606633	7.827904	197.724396	0.653985	-2.687297	
26	65.299294	56.412819	0.342910	-0.738823	58.894524	69.305038	0.332250	-0.693603	185.187637	182.659149	1.071460	3.606633	31.668890	108.779106	0.543807	-1.858101	
27	59.874718	70.887779	0.304418	-0.582264	51.155041	77.137177	0.293162	-0.540003	185.187637	182.659149	1.071460	3.606633	114.930313	216.273621	0.708834	-3.156956	
28	56.904007	84.128441	0.277365	-0.483375	47.853096	89.420166	0.260699	-0.427031	163.020142	179.328781	0.875799	2.409678	212.866684	182.659149	1.071460	-7.213265	
29	49.658192	76.777802	0.253625	-0.404171	46.455704	87.182632	0.227179	-0.324277	103.570152	122.558258	0.674466	1.429126	150.854553	59.459953	0.875799	-4.819356	
30	43.734913	78.676369	0.218424	-0.299765	44.875137	92.043098	0.200349	-0.252207	109.183586	146.631180	0.613712	1.183257	1.720779	201.349854	0.674466	-2.858253	
31	39.373886	69.076141	0.189580	-0.225821	40.161751	91.527298	0.177307	-0.197528	109.183586	146.631180	0.613712	1.183257	144.209747	94.554688	0.490959	-1.514502	
32	39.109745	67.003273	0.166254	-0.173669	42.696533	76.389870	0.157275	-0.155418	109.183586	119.083351	0.613712	1.183257	133.894684	-57.110500	0.246435	-0.381578	
33	37.922340	66.310921	0.154220	-0.149437	46.759895	76.105736	0.146839	-0.135476	109.183586	137.032959	0.613712	1.183257	206.391327	146.512589	0.530782	-1.770162	
34	41.797970	64.044708	0.151116	-0.143484	39.703587	73.052177	0.130387	-0.106819	109.183586	149.303009	0.613712	1.183257	92.470329	117.423767	0.394076	-0.975751	
35	35.529331	59.857956	0.122006	-0.093528	42.747356	70.089050	0.108678	-0.074210	107.280991	122.713074	0.593916	1.108155	84.089645	118.543457	0.361483	-0.821026	
36	31.297956	56.678566	0.106669	-0.071492	33.455101	72.520447	0.096588	-0.058617	109.183586	149.303009	0.590185	1.094274	122.050201	90.036102	0.334673	-0.703757	
37	29.716070	54.283619	0.094605	-0.056235	32.070839	73.739433	0.083340	-0.043641	109.183586	149.303009	0.590185	1.094274	107.280991	85.471680	0.366587	-0.844373	
38	38.707829	69.790588	0.089494	-0.050323	46.042683	86.912987	0.072937	-0.033425	109.183586	149.303009	0.590185	1.094274	50.032784	76.985886	0.312354	-0.613020	
39	34.500805	68.910721	0.078428	-0.038648	36.276512	86.215179	0.061318	-0.023624	111.359673	115.977448	0.515275	0.834119	4.849251	149.303009	0.590185	-2.188548	
40	32.390720	77.430634	0.067726	-0.028820	39.437710	88.527969	0.055472	-0.019335	111.359673	115.977448	0.364640	0.417714	65.140465	177.556213	0.330173	-0.684956	
41	31.546186	87.684296	0.061888	-0.024065	33.286213	101.832314	0.047992	-0.014472	143.558380	111.063873	0.357758	0.402094	71.615089	115.977448	0.364640	-0.835428	
42	24.967522	93.793098	0.052709	-0.017456	21.296169	97.278732	0.042748	-0.011482	115.729050	147.676117	0.265187	0.220930	60.381897	91.043755	0.357758	-0.804188	
43	24.884478	93.734467	0.043989	-0.012158	16.789499	102.433632	0.041034	-0.010580	162.066513	179.188873	0.147505	0.068354	81.822800	147.676117	0.230181	-0.332904	
44	24.676765	95.030060	0.040096	-0.010102	19.250946	101.507996	0.037566	-0.008867	162.066513	179.188873	0.147505	0.068354	52.505898	158.714340	0.119255	-0.089358	
45	24.405693	96.177841	0.037429	-0.008802	19.250946	97.957748	0.034670	-0.007553	195.636078	179.188873	0.147505	0.068354	73.827766	92.972847	0.079611	-0.039822	
46	34.529896	96.083191	0.036884	-0.008548	37.920715	88.493408	0.033433	-0.007023	144.044342	138.640945	0.097184	0.029672	195.636078	232.737015	0.147505	-0.136708	
47	32.667431	101.961044	0.031097	-0.006076	37.818237	95.317894	0.030400	-0.005807	144.044342	138.640945	0.097184	0.029672	118.477287	94.981171	0.050780	-0.016202	
48	26.668446	107.569244	0.029781	-0.005573	12.890394	103.398727	0.028339	-0.005046	119.328552	138.640945	0.097184	0.029672	90.856842	88.196106	0.054071	-0.018370	
49	11.268554	110.968658	0.029132	-0.005332	3.758438	114.077332	0.026789	-0.004509	156.036896	146.563828	0.062095	0.012113	82.500107	138.640945	0.097184	-0.059343	
50	-8.013176	105.872101	0.025502	-0.004086	-7.580913	111.584221	0.024568	-0.003793	156.036896	146.563828	0.080027	0.020120	143.168884	69.885551	0.048144	-0.014564	
51	-1.684916	103.977783	0.023876	-0.003582	-7.413710	110.578331	0.023024	-0.003331	156.036896	146.563828	0.080027	0.020120	91.182335	105.004105	0.034552	-0.007501	
52	-0.108375	112.773743	0.023056	-0.003340	-2.451663	118.954628	0.022049	-0.003055	156.036896	146.563828	0.080027	0.020120	125.557137	234.422791	0.037757	-0.008957	
53	14.592563	112.617996	0.022856	-0.003282	4.718618	121.035721	0.021048	-0.002783	156.036896	146.563828	0.080027	0.020120	5.985760	114.748734	0.056351	-0.019952	
54	18.932724	108.304871	0.021886	-0.003010	12.209785	120.506607	0.019931	-0.002496	156.036896	146.563828	0.080027	0.020120	85.543503	97.444252	0.053305	-0.017853	
55	20.824987	108.288055	0.021162	-0.002814	20.818291	121.374176	0.019154	-0.002305	156.036896	146.563828	0.080027	0.020120	50.793121	127.438461	0.061351	-0.023649	
56	27.753233	108.397766	0.020628	-0.002674	26.371037	122.905884	0.017600	-0.001946	156.036896	146.563828	0.080027	0.020120	88.986336	96.322098	0.046785	-0.013753	
57	31.747126	98.816650	0.020232	-0.002572	35.523026	108.136284	0.016573	-0.001726	151.556625	162.415543	0.058035	0.010581	156.036896	-28.111481	0.080027	-0.040239	
58	28.119308	99.965439	0.018089	-0.002056	33.984482	106.742920	0.015837	-0.001576	151.556625	162.415543	0.058035	0.010581	70.566368	131.522888	0.040079	-0.010093	
59	34.668198	106.624176	0.017082	-0.001833	39.214993	108.599777	0.015053	-0.001424	151.556625	162.415543	0.058035	0.010581	56.539780	139.011475	0.042268	-0.011225	
60	38.441479	109.727013	0.016496	-0.001710	40.030983	111.789413	0.014268	-0.001279	154.309494	123.108185	0.050052	0.007870	123.760765	70.079399	0.040536	-0.010324	
61	47.972443	112.059532	0.016209	-0.001651	51.087234	113.886292	0.013423	-0.001132	185.959656	123.945190	0.056065	0.009875	133.241043	90.859497	0.021752	-0.002973	
62	59.055798	111.460098	0.016843	-0.001782	80.882118	110.833519	0.013338	-0.001118	185.959656	123.945190	0.056065	0.009875	117.256653	48.620903	0.040551	-0.010332	
63	59.647640	116.349197	0.016799	-0.001773	81.272591	123.168304	0.013138	-0.001084	185.959656	123.945190	0.056065	0.009875	200.505005	112.834137	0.034229	-0.007362	
64	77.429382	126.538651	0.017955	-0.002026	95.021896	127.269127	0.012789	-0.001028	185.959656	123.945190	0.056065	0.009875	233.143097	128.402756	0.034447	-0.007456	
65	81.536346	122.386292	0.018397	-0.002127	110.504501	126.161667	0.012684	0.000505	185.959656	123.945190	0.055659	0.009733	208.189346	146.142502	0.041949	-0.011057	
66	91.046318	124.372734	0.019201	-0.002317	118.785484	128.824707	0.014145	0.000629	185.959656	123.945190	0.055659	0.009733	205.257477	117.284012	0.036158	-0.008214	
67	103.877968	123.710800	0.020280	0.001292	122.332825	127.133591	0.017962	0.001014	185.959656	147.103577	0.055659	0.009733	219.803436	162.690979	0.050052	-0.015741	
68	116.353134	129.826294	0.020915	0.001374	145.886795	135.318710	0.019835	0.001236	185.959656	123.945190	0.055659	0.009733	120.664734	205.605026	0.039429	-0.009768	
69	131.399689	127.502098	0.023389	0.001719	151.292053	135.217316	0.023416	0.001723	185.959656	132.877457	0.055659	0.009733	197.300827	94.890045	0.032585	-0.006671	
70	153.103394	135.642105	0.025951	0.002116	160.642578	135.952667	0.025327	0.002015	185.959656	132.877457	0.055659	0.009733	221.469162	123.945190	0.060640	-0.023104	
71	155.400391	138.042496	0.026269	0.002168	160.642578	138.773987	0.026276	0.002169	156.820114	155.742249	0.055650	0.009729	185.959656	43.513275	0.055659	-0.019465	
72	157.582520	143.744553	0.028048	0.002472	159.933105	141.199463	0.027811	0.002430	156.820114	199.320068	0.050190	0.007914	182.193390	68.166527	0.047365	-0.014096	
73	154.334763	146.872025	0.029212	0.002681	157.186218	141.729156	0.028938	0.002631	156.820114	199.320068	0.050190	0.007914	252.756149	143.663589	0.041032	-0.010579	
74	155.836395	148.962173	0.030051	0.002837	159.115311	143.246124	0.030411	0.002905	172.401154	184.306717	0.046629	0.006831	57.998962	159.321777	0.039267	-0.009688	
75	157.229309	147.250031	0.032485	0.003315	157.190353	146.078842	0.032231	0.003264	172.401154	184.306717	0.052378	0.008619	93.794601	115.709671	0.035137	-0.007757	
76	158.175903	154.799240	0.034059	0.003644	156.611496	147.705505	0.033753	0.003579	172.401154	184.306717	0.052378	0.008619	165.917191	210.396912	0.040741	-0.010429	
77	159.038086	155.548401	0.034747	0.003793	156.673920	155.151337	0.034758	0.003795	172.401154	184.306717	0.052378	0.008619	95.966248	197.124237	0.043126	-0.011686	
78	158.085358	150.311615	0.036529	0.004192	160.670670	152.003448	0.037012	0.004304	145.979706	142.053482	0.058151	0.010623	236.711243	126.630379	0.035985	-0.008136	
79	157.635895	159.624741	0.038297	0.004608	156.814148	157.057648	0.038072	0.004554	145.979706	142.053482	0.058151	0.010623	171.943909	244.179016	0.045134	-0.012799	
80	159.469055	157.729553	0.039012	0.004781	155.848145	153.221130	0.038608	0.004683	172.834717	137.860306	0.057309	0.010318	145.979706	87.850861	0.058151	-0.021247	
81	156.506409	147.099731	0.039931	0.005009	161.716949	149.323303	0.039360	0.004867	140.572662	161.104599	0.057309	0.010318	184.647171	239.141510	0.053283	-0.017838	
82	160.095154	152.106155	0.041058	0.005296	162.445908	150.564880	0.040335	0.005111	140.572662	161.104599	0.057309	0.010318	161.298889	285.958557	0.046916	-0.013830	
83	158.731903	147.568588	0.041439	0.005395	161.089157	147.813782	0.040664	0.005195	197.244949	105.532166	0.054098	0.009194	76.856308	159.520920	0.056632	-0.020152	
84	155.127045	153.609787	0.042154	0.005582	156.023773	152.703857	0.041299	0.005358	119.193016	188.554993	0.053801	0.009094	206.779297	105.532166	0.068033	-0.029081	
85	163.731628	152.214371	0.042936	0.005791	160.808273	152.703857	0.042060	0.005558	150.264191	146.677841	0.055841	0.009796	163.225250	249.583160	0.053220	-0.017797	
86	154.709030	149.768112	0.044624	0.006256	154.590515	152.066101	0.043913	0.006058	150.264191	146.677841	0.071893	0.016238	190.279953	213.018692	0.048799	-0.014963	
87	159.280380	153.013138	0.045928	0.006627	156.264465	152.405121	0.045417	0.006480	150.264191	146.677841	0.071893	0.016238	253.209747	129.732666	0.060557	-0.023041	
88	159.015961	152.721542	0.047014	0.006944	160.303741	152.070953	0.046145	0.006690	150.264191	146.677841	0.071893	0.016238	202.990631	129.927353	0.059240	-0.022050	
89	157.777771	147.316559	0.047971	0.007229	155.773727	151.071686	0.047152	0.006985	136.816467	156.069412	0.080593	0.020405	160.533798	95.023590	0.052040	-0.017016	
90	152.236801	155.174332	0.049219	0.007611	153.897400	153.067261	0.047731	0.007157	157.059738	148.741608	0.066163	0.013752	150.264191	226.461853	0.086134	-0.046615	
91	152.673248	156.105652	0.049139	0.007586	152.833069	153.875977	0.048661	0.007439	157.059738	148.741608	0.078004	0.019115	68.117088	103.664261	0.066579	-0.027852	
92	151.430023	153.037567	0.048911	0.007515	152.442139	153.489899	0.048467	0.007380	172.420441	147.262939	0.074773	0.017565	171.529938	92.837616	0.066138	-0.027484	
93	153.033218	151.332886	0.050535	0.008023	153.656174	152.384354	0.049752	0.007776	187.860565	151.963028	0.068648	0.014805	144.799576	272.988800	0.057815	-0.021002	
94	159.180267	152.891754	0.052859	0.008778	154.842468	152.080841	0.051216	0.008241	157.059738	148.741608	0.078455	0.019337	283.259460	151.963028	0.068648	-0.029610	
95	150.449936	156.636597	0.054372	0.009287	154.842468	153.172699	0.052747	0.008741	150.378937	163.893753	0.081043	0.020634	40.377411	153.180771	0.064891	-0.026458	
96	156.266266	157.384811	0.056488	0.010024	155.791656	153.375488	0.054957	0.009489	196.815491	101.665924	0.078455	0.019337	265.879211	155.878021	0.069404	-0.030265	
97	151.412689	155.095673	0.058886	0.010894	153.535889	153.375488	0.057857	0.010516	194.700027	130.638489	0.087837	0.024239	235.578613	166.646530	0.080780	-0.041000	
98	151.495789	153.137680	0.060972	0.011679	152.296677	153.027222	0.059709	0.011200	194.700027	130.638489	0.087837	0.024239	66.697449	146.607056	0.078846	-0.039061	
99	152.284866	153.417419	0.062476	0.012262	150.955719	151.681793	0.061497	0.011881	194.700027	130.638489	0.087837	0.024239	-30.808411	176.807678	0.083604	-0.043918	
100	151.481995	149.724716	0.064117	0.012915	149.025024	151.195328	0.062574	0.012301	162.940994	149.226440	0.102101	0.032750	126.950119	89.812782	0.088147	-0.048819	
101	153.798538	153.868973	0.065111	0.013319	148.967743	151.316101	0.063985	0.012862	162.940994	149.226440	0.108801	0.037189	238.831207	111.285248	0.087173	-0.047747	
102	151.934845	148.781372	0.065889	0.013639	149.846649	150.020874	0.065150	0.013335	162.940994	169.352371	0.108801	0.037189	47.790154	170.634613	0.090757	-0.051753	
103	146.129059	148.772598	0.068093	0.014566	147.980560	149.695541	0.067130	0.014157	162.940994	169.352371	0.108801	0.037189	125.358109	61.752350	0.076386	-0.036661	
104	148.053604	152.574463	0.070735	0.015719	148.667358	150.848602	0.069391	0.015127	170.943863	169.352371	0.108801	0.037189	183.815689	286.143127	0.081065	-0.041290	
105	148.007507	153.053589	0.072607	0.016562	148.850830	149.795410	0.070962	0.015820	129.366318	171.628265	0.112782	0.039960	111.468689	226.519913	0.085466	-0.045896	
106	147.816940	148.435013	0.074663	0.017513	149.892212	148.193756	0.073308	0.016883	167.279022	147.665466	0.112782	0.039960	222.979034	169.527985	0.099188	-0.061816	
107	154.706696	152.942413	0.076872	0.018565	151.540161	149.582031	0.075192	0.017762	167.279022	147.665466	0.112782	0.039960	166.356476	87.690964	0.094147	-0.055692	
108	150.003647	148.737732	0.078367	0.019294	152.346802	149.193146	0.076650	0.018458	167.279022	147.665466	0.112782	0.039960	245.774109	184.106842	0.111519	-0.078140	
109	155.417404	151.909729	0.081176	0.020702	156.752075	150.052322	0.079905	0.020059	167.279022	147.665466	0.121805	0.046610	162.089172	220.990036	0.103344	-0.067104	
110	155.723831	149.076401	0.081914	0.021080	156.603088	149.605927	0.079955	0.020084	188.274216	135.237061	0.105292	0.034829	39.838516	203.476257	0.103869	-0.067787	
111	154.438385	147.175613	0.082404	0.021333	154.242340	149.197083	0.080315	0.020265	188.274216	135.237061	0.105292	0.034829	173.381134	216.697235	0.095794	-0.057657	
112	157.769989	150.474457	0.083817	0.022071	153.940948	149.512695	0.082302	0.021280	143.746582	145.365707	0.114239	0.040999	166.308197	233.715088	0.098983	-0.061560	
113	156.078445	150.654236	0.083044	0.021665	155.337738	150.738525	0.082589	0.021429	166.774841	135.237061	0.105292	0.034829	230.723785	149.215775	0.093299	-0.054693	
114	158.351501	152.817413	0.084537	0.022452	154.839691	149.204605	0.084425	0.022392	186.660919	157.054703	0.128509	0.051882	86.698257	135.237061	0.105292	-0.069658	
115	160.821152	154.074966	0.086650	0.023588	156.677063	150.360565	0.085950	0.023208	186.660919	118.263611	0.128509	0.051882	219.321503	29.424095	0.100067	-0.062916	
116	158.044388	148.579163	0.088408	0.024555	157.034210	148.906128	0.087894	0.024270	182.435547	118.082970	0.134305	0.056668	157.960144	90.276505	0.094262	-0.055828	
117	155.363190	152.360718	0.088278	0.024483	156.872299	148.906128	0.088417	0.024559	182.435547	118.082970	0.134305	0.056668	180.605301	269.451233	0.086906	-0.047455	
118	155.787781	148.221909	0.093945	0.027726	156.718903	145.190216	0.091627	0.026375	182.435547	189.954788	0.134305	0.056668	223.609558	143.088058	0.129689	-0.105679	
119	154.370193	149.526794	0.095916	0.028902	156.362015	145.300095	0.093979	0.027747	149.450104	152.479095	0.136119	0.058209	119.017540	48.984421	0.115972	-0.084505	
120	156.442566	150.711243	0.097476	0.029850	155.682709	145.751190	0.095534	0.028672	117.835823	152.479095	0.136119	0.058209	250.411591	189.954788	0.122709	-0.094609	
121	157.037827	148.886597	0.099329	0.030996	155.628235	143.707458	0.097774	0.030033	135.050232	130.357452	0.152940	0.073484	90.369972	143.812454	0.115459	-0.083760	
122	156.238159	144.249252	0.105293	0.034830	155.057709	141.712036	0.103015	0.033339	139.051178	134.066559	0.187690	0.110670	135.050232	94.638031	0.152940	-0.146968	
123	156.934418	137.538940	0.108068	0.036689	156.587158	141.494049	0.104491	0.034301	172.291107	128.295197	0.170402	0.091222	63.705757	134.066559	0.187690	-0.221341	
124	161.064819	145.539978	0.110884	0.038627	159.688843	144.986465	0.106041	0.035326	191.118927	199.193268	0.193437	0.117552	177.629761	254.981796	0.141618	-0.126013	
125	157.009964	146.527908	0.114071	0.040879	159.276184	146.121231	0.110651	0.038464	191.118927	199.193268	0.193437	0.117552	169.213928	64.607567	0.141428	-0.125675	
126	165.609818	147.320679	0.119033	0.044512	161.099258	146.206177	0.113994	0.040823	191.118927	199.193268	0.193437	0.117552	162.172379	87.429367	0.187461	-0.220802	
127	162.259598	151.686584	0.120659	0.045737	163.573914	149.356812	0.115848	0.042162	191.118927	199.193268	0.193437	0.117552	170.756866	76.293541	0.160339	-0.161532	
128	162.393478	155.143402	0.125781	0.049703	162.981659	151.062943	0.122888	0.047443	191.118927	199.193268	0.193437	0.117552	171.344131	266.940887	0.175222	-0.192911	
129	163.418854	154.174011	0.130135	0.053203	162.630157	153.647003	0.126093	0.049949	160.711777	174.200531	0.188230	0.111308	230.861740	25.467712	0.193437	-0.235104	
130	159.291718	161.112839	0.135954	0.058067	162.630157	154.004257	0.129623	0.052785	160.453110	150.404083	0.206741	0.134278	212.182007	105.480400	0.189938	-0.226674	
131	157.223740	161.402054	0.140603	0.062107	160.469269	153.943375	0.135175	0.057404	160.453110	150.404083	0.206741	0.134278	120.619537	205.138931	0.183980	-0.212678	
132	157.278580	152.207245	0.144500	0.065597	159.371841	154.025635	0.141758	0.063131	160.453110	150.404083	0.206741	0.134278	251.037643	115.448517	0.199827	-0.250893	
133	156.102600	156.237839	0.149498	0.070213	156.769760	153.978516	0.147036	0.067920	174.239288	173.233063	0.210310	0.138954	200.964233	150.404083	0.206741	-0.268556	
134	154.780807	157.989197	0.150199	0.070874	156.926193	154.318634	0.147703	0.068538	174.239288	173.233063	0.210310	0.138954	168.989502	355.029724	0.184766	-0.214498	
135	157.292923	153.152557	0.158370	0.078794	157.800385	153.530640	0.156116	0.076568	168.719910	125.013153	0.247794	0.192900	233.430786	151.709229	0.182595	-0.209488	
136	159.369644	154.310806	0.162492	0.082950	158.171204	154.280746	0.162627	0.083088	144.873398	144.246552	0.210462	0.139154	264.360657	125.013153	0.247794	-0.385800	
137	156.560883	149.513977	0.167339	0.087971	156.125687	156.089355	0.166611	0.087208	144.873398	144.246552	0.210462	0.139154	106.673981	50.201180	0.204877	-0.263733	
138	155.099838	153.701965	0.170583	0.091415	155.529678	154.271210	0.170318	0.091132	140.362228	152.954895	0.215326	0.145661	158.037155	276.461761	0.213043	-0.285178	
139	155.334244	149.249207	0.178063	0.099608	154.904037	152.453827	0.176643	0.098026	168.503006	134.663666	0.237286	0.176887	61.104286	109.622574	0.189419	-0.225438	
140	155.433411	149.859848	0.185170	0.107719	154.567291	148.401749	0.181171	0.103117	157.620697	147.043686	0.279816	0.245978	91.271088	284.808655	0.215326	-0.291321	
141	153.516312	152.195023	0.190583	0.114108	154.157410	149.511688	0.185661	0.108291	151.197235	134.142517	0.282274	0.250317	75.959343	200.331268	0.279816	-0.491956	
142	157.420074	143.120911	0.195681	0.120295	155.440369	145.847366	0.194463	0.118802	151.197235	184.172958	0.282274	0.250317	212.806015	134.663666	0.299321	-0.562929	
143	155.011673	151.199661	0.199847	0.125472	156.531647	148.988342	0.198043	0.123217	152.983826	175.549622	0.257132	0.207712	151.197235	248.949432	0.282274	-0.500634	
144	155.254562	147.152069	0.202979	0.129435	156.396210	146.861267	0.203673	0.130322	152.983826	175.549622	0.257132	0.207712	139.252289	259.864136	0.257228	-0.415734	
145	157.153503	146.391068	0.205923	0.133217	156.811371	146.651108	0.206735	0.134270	177.165344	134.637314	0.276165	0.239600	53.104691	195.360657	0.289796	-0.527674	
146	158.020416	145.403778	0.212081	0.141304	157.195099	144.082336	0.209987	0.138527	153.546417	164.060852	0.290134	0.264452	204.642731	132.354965	0.244606	-0.375935	
147	152.046234	144.759918	0.216018	0.146598	153.744522	144.082336	0.216025	0.146608	153.546417	164.060852	0.290134	0.264452	22.959763	192.889832	0.260576	-0.426627	
148	157.366226	145.885803	0.223232	0.156554	157.860458	144.489136	0.219640	0.151556	155.203369	165.615631	0.285450	0.255983	93.294281	168.786087	0.290134	-0.528905	
149	159.685120	146.665451	0.226703	0.161460	160.630508	144.681580	0.222445	0.155451	163.189529	117.577881	0.327304	0.336553	306.546906	165.615631	0.285450	-0.511966	
150	159.618942	144.710236	0.230588	0.167041	160.630508	146.785583	0.224482	0.158311	113.526016	124.179405	0.393161	0.485613	167.673248	205.273087	0.268755	-0.453829	
151	154.862366	140.849197	0.237761	0.177595	158.864746	145.011566	0.230955	0.167573	113.526016	103.004639	0.393161	0.485613	169.255127	35.656822	0.283130	-0.503678	
152	156.502960	144.267776	0.246471	0.190845	161.405441	143.891037	0.239705	0.180512	113.526016	103.004639	0.393161	0.485613	151.432938	86.528549	0.309861	-0.603273	
153	153.281372	145.637909	0.254334	0.203216	160.841736	145.772141	0.248310	0.193704	189.256516	120.856651	0.384947	0.465535	113.526016	61.788879	0.393161	-0.971227	
154	163.514450	148.233170	0.258060	0.209214	162.321747	145.772141	0.253164	0.201351	159.667572	193.736771	0.467580	0.686851	254.803314	131.683258	0.279956	-0.492448	
155	156.174225	149.079651	0.270497	0.229866	157.855118	147.735474	0.264560	0.219887	140.164780	169.938034	0.503163	0.795367	225.812225	124.554153	0.295474	-0.548552	
156	160.001968	158.827332	0.279404	0.245253	160.196625	150.518402	0.270983	0.230692	140.164780	169.938034	0.447516	0.629169	211.277466	193.736771	0.467580	-1.373702	
157	158.309570	149.998627	0.277832	0.242502	160.446487	147.524170	0.275077	0.237716	156.168152	169.938034	0.447516	0.629169	86.984734	121.464157	0.312942	-0.615328	
158	154.410431	148.186676	0.293010	0.269721	159.382095	148.113190	0.286846	0.258493	141.271164	169.938034	0.535980	0.902499	-0.366226	148.218048	0.350743	-0.772961	
159	157.600159	144.438507	0.298410	0.279754	158.442871	145.208298	0.289717	0.263693	174.073929	169.938034	0.615960	1.191943	11.074219	116.263855	0.373940	-0.878587	
160	155.813431	146.077652	0.305546	0.293294	155.766907	147.512695	0.296754	0.276657	174.073929	169.938034	0.594270	1.109474	137.800232	87.078537	0.372317	-0.870973	
161	152.148560	148.293793	0.316700	0.315098	151.845856	147.749985	0.311532	0.304898	174.073929	169.938034	0.594270	1.109474	164.295059	207.025528	0.393466	-0.972734	
162	152.553619	146.784729	0.323768	0.329319	147.422119	147.042328	0.322142	0.326020	174.073929	169.938034	0.534116	0.896233	200.339890	135.198730	0.361872	-0.811804	
163	149.547989	147.577606	0.329663	0.341421	149.212311	148.617722	0.331722	0.345700	194.534668	162.180649	0.467268	0.685933	93.080536	148.008347	0.392688	-0.968891	
164	145.397797	150.285583	0.337854	0.358598	142.511658	150.067810	0.338380	0.359715	194.534668	137.074890	0.467268	0.685933	243.789642	168.773529	0.481324	-1.455642	
165	142.699646	148.056290	0.350791	0.386587	141.160675	147.946381	0.341481	0.366338	113.194099	156.574966	0.482863	0.732482	202.616028	145.626068	0.477892	-1.434959	
166	138.074631	145.391312	0.354219	0.394180	138.931610	145.921661	0.346582	0.377366	161.157227	191.580383	0.557204	0.975390	52.494339	144.151428	0.400075	-1.005685	
167	143.358551	150.425293	0.372558	0.436052	142.642349	146.663681	0.366269	0.421455	142.273117	101.831223	0.641466	1.292697	115.446037	36.117989	0.455354	-1.302801	
168	143.020676	144.300766	0.389519	0.476659	142.462265	143.778137	0.383480	0.461992	142.273117	101.831223	0.641466	1.292697	263.865753	75.210854	0.527826	-1.750495	
169	145.139938	147.827133	0.399725	0.501964	144.233475	145.020126	0.393485	0.486413	118.139282	136.018280	0.615102	1.188623	150.070404	203.796082	0.641466	-2.585394	
170	146.794556	148.259857	0.411545	0.532090	144.233475	146.150528	0.404716	0.514577	118.139282	136.018280	0.570531	1.022607	218.657013	113.552063	0.491946	-1.520597	
171	149.197037	146.667572	0.420760	0.556184	148.627014	145.233429	0.406260	0.518510	119.287575	155.086761	0.588612	1.088451	158.998764	206.295349	0.526176	-1.739572	
172	152.608856	148.198196	0.429246	0.578846	151.514969	146.085434	0.420497	0.555488	119.287575	155.086761	0.588612	1.088451	237.667679	144.966339	0.582916	-2.134969	
173	147.536179	145.416061	0.431813	0.585790	148.981628	146.253510	0.428336	0.576394	147.878143	191.580383	0.629637	1.245462	143.254272	88.354988	0.573435	-2.066088	
174	147.219498	143.928070	0.449881	0.635835	151.176010	145.015472	0.438633	0.604440	147.878143	191.580383	0.629637	1.245462	1.596954	172.419266	0.601588	-2.273934	
175	155.077682	151.288391	0.446547	0.626447	150.990250	148.262665	0.441571	0.612563	147.878143	191.580383	0.629637	1.245462	218.105713	90.746948	0.642300	-2.592127	
176	150.432663	151.054489	0.452138	0.642232	149.921646	147.988861	0.443869	0.618955	147.878143	156.361237	0.629637	1.245462	141.929047	202.605698	0.567251	-2.021763	
177	149.273773	144.671234	0.459903	0.664481	148.702606	146.117737	0.458957	0.661749	147.878143	156.361237	0.629637	1.245462	144.568146	74.411583	0.513146	-1.654480	
178	150.699493	150.121628	0.490738	0.756571	149.749023	148.973831	0.486556	0.743731	149.740326	170.093643	0.741563	1.727612	147.558365	86.666641	0.621326	-2.425599	
179	151.914169	150.167557	0.513932	0.829776	150.621613	148.743729	0.509625	0.815926	169.876053	161.574799	0.710523	1.586010	215.285950	151.370804	0.741563	-3.455224	
180	160.002289	148.495300	0.526616	0.871240	154.338882	148.646271	0.525144	0.866376	169.876053	161.574799	0.710523	1.586010	308.772827	162.891144	0.660376	-2.740073	
181	153.043625	156.380219	0.527555	0.874349	151.281189	150.118256	0.529706	0.881493	169.876053	161.574799	0.710523	1.586010	107.537445	215.678360	0.644355	-2.608737	
182	151.255432	150.930435	0.539903	0.915761	147.682343	150.983902	0.548414	0.944858	169.876053	161.574799	0.915557	2.633425	149.183319	83.815002	0.710123	-3.168449	
183	150.981125	149.381287	0.557212	0.975418	148.136017	151.683487	0.557660	0.976987	169.876053	161.574799	0.915557	2.633425	266.557922	129.330200	0.610209	-2.339577	
184	148.174408	152.152054	0.573339	1.032697	148.568436	152.296463	0.566483	1.008145	169.876053	161.574799	0.915557	2.633425	80.298904	173.318481	0.667843	-2.802394	
185	151.316895	154.492874	0.597152	1.120263	149.167664	151.872131	0.575263	1.039640	169.876053	161.574799	0.992847	3.096808	173.541733	83.320549	0.719648	-3.254022	
186	154.123810	156.969650	0.608161	1.161950	151.292465	154.588425	0.591868	1.100526	148.715179	157.951279	0.896901	2.527196	206.398834	161.574799	0.992847	-6.193615	
187	150.703079	152.818787	0.619184	1.204453	150.726929	151.417831	0.606245	1.154639	159.673172	154.939575	0.847932	2.258767	148.715179	99.613403	0.896901	-3.277684	
188	155.739670	148.862152	0.621850	1.214845	151.471710	150.647919	0.608658	1.163849	119.298553	154.939575	0.847932	2.258767	208.567719	124.291908	0.721057	-3.266775	
189	154.269516	149.438538	0.626144	1.231681	151.562820	150.229736	0.613195	1.181265	155.639435	148.360199	0.864202	2.346284	206.766846	162.029633	0.947320	-5.638623	
190	151.846909	150.185913	0.634165	1.263440	150.719482	149.652481	0.627465	1.236885	145.937714	166.848206	0.927246	2.701097	211.927704	125.225296	0.729113	-3.340182	
191	149.166504	152.627670	0.657253	1.357109	151.990173	150.285156	0.636400	1.272362	119.298553	154.939575	0.958414	2.885735	168.944550	253.347977	0.849940	-4.538963	
192	147.858093	154.360336	0.670655	1.413019	150.930603	151.195755	0.658529	1.362386	128.726334	185.435333	0.927246	2.701097	157.603775	203.831543	1.022666	-6.571249	
193	147.847458	152.575745	0.685776	1.477455	151.066452	151.361572	0.666548	1.395767	144.372879	152.910858	1.131438	4.021717	45.243271	155.701370	0.744160	-3.479468	
194	148.691559	150.551331	0.707335	1.571811	150.890656	150.570862	0.693253	1.509850	157.254944	145.286987	1.054692	3.494630	144.372879	53.252174	1.131438	-8.043434	
195	153.171005	152.912491	0.716405	1.612380	151.252258	151.499176	0.703547	1.555021	128.726334	185.435333	1.195167	4.487528	261.941193	130.305084	0.902429	-5.116890	
196	148.273911	148.510086	0.739892	1.719834	151.186340	150.009460	0.720381	1.630326	188.853043	128.446823	1.229745	4.750943	162.106613	37.890877	1.055475	-6.999644	
197	148.616791	153.436295	0.769695	1.861177	151.186340	151.999176	0.749394	1.764290	188.853043	122.121033	1.229745	4.750943	141.045166	248.915466	0.922488	-5.346893	
198	151.699158	151.057526	0.808159	2.051838	151.093506	150.822067	0.774061	1.882351	188.853043	122.121033	1.229745	4.750943	83.924889	150.254013	1.217065	-9.306952	
199	148.564331	153.205093	0.829575	2.162030	151.121033	152.581970	0.809313	2.057705	133.085938	161.685913	1.204873	4.560708	188.853043	207.452820	1.229745	-9.501885	
200	148.526657	151.944489	0.860496	2.326203	151.093506	151.995941	0.831796	2.173618	133.085938	105.151428	1.204873	4.560708	30.501999	137.650665	1.416921	-12.614524	
201	153.603088	153.617599	0.873853	2.398981	152.259155	153.751984	0.876826	2.415330	133.779541	174.064636	1.300704	5.315045	207.138580	171.527832	1.190615	-8.906819	
202	148.130386	146.615494	0.916283	2.637599	149.461975	152.686676	0.902337	2.557922	133.779541	174.064636	1.791573	10.083680	239.750351	69.452148	1.107502	-7.706713	
203	150.588440	145.565689	0.943684	2.797710	148.262085	147.943481	0.941829	2.786724	133.779541	174.064636	1.791573	10.083680	133.122772	83.180855	1.452195	-13.250422	
204	148.888229	150.213638	0.985192	3.049243	149.709320	148.459747	0.990395	3.081533	133.779541	174.064636	1.791573	10.083680	122.627457	293.414307	1.187414	-8.858989	
205	150.028549	150.040421	1.025442	3.303482	145.380905	148.571793	1.015684	3.240913	133.779541	174.064636	1.791573	10.083680	38.198235	162.965057	1.268583	-10.111544	
206	144.716583	153.858704	1.060799	3.535215	143.816101	148.657913	1.037075	3.378859	133.779541	174.064636	1.791573	10.083680	49.296555	125.493690	1.445212	-13.123296	
207	141.944626	148.502548	1.106937	3.849420	141.287277	148.132813	1.068657	3.587787	133.779541	196.459900	1.791573	10.083680	163.584793	21.457962	2.020726	-25.656347	
208	142.429718	145.953629	1.147179	4.134397	141.039902	147.596832	1.119078	3.934326	107.596550	196.459900	1.846661	10.713324	150.237091	242.594604	1.794987	-20.244293	
209	139.622086	148.348999	1.177156	4.353291	138.461700	147.721466	1.171268	4.309856	107.596550	196.459900	1.846661	10.713324	48.229080	145.122025	1.396028	-12.245262	
210	141.692093	150.677979	1.193675	4.476330	140.087982	149.498718	1.181017	4.381898	133.431610	162.433044	1.651173	8.565157	86.352829	49.228455	1.594603	-15.976630	
211	141.695343	153.611176	1.222692	4.696603	141.790894	149.545410	1.216785	4.651337	136.851181	148.510223	1.649021	8.542844	73.521599	118.133728	1.782960	-19.973900	
212	146.041336	155.283737	1.256369	4.958885	143.578583	151.002731	1.250626	4.913660	135.103317	143.360825	1.953985	11.994787	-50.778305	160.583344	1.486891	-13.891150	
213	144.664871	150.338043	1.291944	5.243694	142.698578	151.377701	1.268439	5.054624	141.009155	133.321365	1.862708	10.900320	47.944244	147.746063	1.791933	-20.175463	
214	146.777496	147.860077	1.302665	5.331084	142.298187	152.680069	1.280617	5.152150	141.009155	133.321365	1.862708	10.900320	193.804840	38.295403	1.793475	-20.210201	
215	150.172318	151.724640	1.323122	5.499833	144.918762	152.529358	1.296722	5.282548	136.851181	107.528992	1.839182	10.626725	93.123329	89.494331	1.862708	-21.800640	
216	142.074036	154.522736	1.362565	5.832626	142.286804	153.061707	1.330769	5.563590	135.636978	137.705994	2.028987	12.933277	256.182556	163.695374	1.495270	-14.048147	
217	145.539078	150.220688	1.397241	6.133275	142.580521	152.754730	1.377068	5.957456	134.919022	142.721909	1.909441	11.454140	92.948380	137.705994	2.028987	-25.866554	
218	145.562958	153.902740	1.432515	6.446862	145.412521	153.496277	1.391665	6.084422	134.919022	142.721909	1.909441	11.454140	18.492279	184.927414	1.649264	-17.090725	
219	146.645401	157.940292	1.465878	6.750648	145.920563	155.577194	1.458437	6.682286	186.640106	122.100983	1.881248	11.118392	84.468903	193.689529	1.655733	-17.225052	
220	144.535995	149.974182	1.540623	7.456627	144.967697	152.629288	1.526156	7.317246	152.275543	161.530396	2.086519	13.677111	49.451942	193.846680	1.811758	-20.624342	
221	147.286942	148.816940	1.549888	7.546591	144.401276	152.629288	1.510307	7.166056	176.642792	115.851753	2.285841	16.415047	262.750122	228.139221	1.702554	-18.212997	
222	145.885666	151.631027	1.585485	7.897215	144.667267	152.809204	1.559949	7.644877	176.642792	115.851753	2.285841	16.415047	152.275543	260.518738	2.086519	-27.354221	
223	149.915131	150.928268	1.601333	8.055885	146.545685	153.033539	1.571425	7.757780	176.642792	126.660416	2.285841	16.415047	150.430435	244.100433	2.148817	-29.012060	
224	152.910873	155.855133	1.691047	8.983824	152.890884	153.909866	1.641576	8.465879	176.642792	126.660416	2.285841	16.415047	183.038239	265.853119	2.714107	-46.284306	
225	157.961975	153.358948	1.737017	9.478897	157.301636	153.261246	1.731604	9.419911	138.017822	146.616272	2.887064	26.185619	144.986801	258.604645	1.868474	-21.935831	
226	157.857864	153.169861	1.814524	10.343683	159.004456	153.267258	1.792987	10.099594	133.332581	170.899261	2.619457	21.556211	257.766846	146.616272	2.887064	-52.371239	
227	157.821365	150.101868	1.860967	10.879956	158.277710	152.739716	1.839594	10.631480	133.332581	148.842163	2.619457	21.556211	230.541168	122.100983	2.092521	-27.511833	
228	156.302643	146.697296	1.928438	11.683183	157.147583	149.164291	1.877479	11.073883	165.826324	127.553085	2.572170	20.784958	165.111099	66.267395	2.002029	-25.183762	
229	155.733276	153.608536	1.995153	12.505537	156.372803	153.019287	1.957004	12.031878	140.669342	143.817261	3.114838	30.480417	191.691895	249.122391	2.493827	-39.076214	
230	158.556625	154.594406	2.065619	13.404485	157.545883	152.098267	1.998302	12.545048	171.252960	176.369995	3.184470	31.858412	159.119171	227.310333	2.649980	-44.122990	
231	157.741302	153.789581	2.089419	13.715160	156.909180	151.037399	2.019546	12.813193	167.411789	176.369995	3.184470	31.858412	140.669342	254.583923	3.114838	-60.960835	
232	154.866852	148.871033	2.183257	14.974755	156.117706	149.236526	2.164854	14.723367	167.411789	120.149399	3.547783	39.542496	161.037537	224.113235	3.015132	-57.120564	
233	153.779449	150.319183	2.289567	16.468597	155.771179	148.535965	2.222962	15.524374	170.455231	165.724457	3.680280	42.551174	64.944092	142.611496	2.778831	-48.518147	
234	155.478363	150.002426	2.347129	17.307079	156.029312	149.236526	2.276641	16.283167	156.125854	152.720200	3.703133	43.081261	186.483231	87.330276	2.985588	-56.006664	
235	157.480042	148.782043	2.428157	18.522659	156.249603	148.064682	2.336269	17.147291	156.125854	152.720200	3.703133	43.081261	280.174347	125.083374	3.186098	-63.781994	
236	156.122147	145.933441	2.460685	19.022253	154.723557	149.322922	2.380315	17.799946	137.232971	123.374771	5.189715	84.612976	124.804298	66.654266	2.747912	-47.444473	
237	150.816940	150.183060	2.602238	21.273750	152.480011	153.606323	2.459018	18.996494	178.402649	123.374771	5.189715	84.612976	154.372742	55.782227	3.774779	-89.528847	
238	151.040939	149.922440	2.710518	23.080990	152.241882	152.808075	2.582986	20.960133	178.402649	123.374771	5.414534	92.102623	73.450577	153.893188	3.805429	-90.988632	
239	154.897797	152.195236	2.777762	24.240414	154.674820	152.808075	2.673305	22.451584	177.332855	136.126785	4.594923	66.329430	241.501297	123.374771	5.086694	-162.574020	
240	154.139435	150.739197	2.843940	25.409185	152.409180	153.823715	2.764249	24.005136	177.332855	136.126785	4.594923	66.329430	153.622269	94.753853	3.701494	-86.086273	
241	151.783768	153.399399	2.943540	27.220106	152.344955	154.137497	2.789932	24.453272	170.455231	184.761337	5.167016	83.874420	234.924744	152.466461	4.086489	-104.925369	
242	157.934235	151.735168	3.042877	29.088327	156.809906	153.174652	2.884119	26.132208	170.455231	184.761337	7.318120	168.247635	245.634216	179.437408	4.459899	-124.976974	
243	150.072937	153.922058	3.135912	30.894255	153.390869	154.355835	2.959375	27.513765	170.455231	184.761337	7.318120	168.247635	96.531517	156.061264	4.121157	-100.803955	
244	154.797028	147.674301	3.263381	33.456879	154.988190	151.686523	3.086709	29.932384	170.455231	184.761337	7.318120	168.247635	206.553192	136.126785	4.594923	-132.658859	
245	147.638611	150.769974	3.293007	34.067104	151.578415	153.207245	3.211716	32.405907	170.455231	118.400246	7.318120	168.247635	190.678848	229.090607	3.833977	-92.358940	
246	151.135559	148.065781	3.496024	38.397129	151.578415	149.980591	3.342651	35.102013	170.455231	118.400246	7.318120	168.247635	94.930893	189.509552	4.379954	-120.536629	
247	150.936340	149.919052	3.627561	41.340847	150.581024	148.890106	3.473779	37.910034	170.455231	118.400246	7.318120	168.247635	252.308350	166.025024	5.288088	-175.702240	
248	150.160065	150.584900	3.815330	45.731350	150.581024	150.631546	3.638691	41.594913	170.455231	118.400246	7.318120	168.247635	169.157867	208.164780	4.793841	-144.393356	
249	155.452866	151.703766	3.920934	48.297981	154.160492	152.552399	3.754627	44.287746	170.455231	118.400246	7.318120	168.247635	171.874802	218.768738	4.450882	-124.472130	
250	162.023483	148.391632	4.167424	54.561359	157.963303	146.411530	3.911734	48.071594	170.455231	183.229370	7.318120	168.247635	328.481262	139.210388	7.340111	-338.520630	
251	156.491150	145.651520	4.314743	58.487041	157.314651	146.356934	4.169598	54.618298	163.795746	110.654213	8.042425	203.200119	216.351456	157.859497	5.628635	-199.060944	
252	157.751266	147.892349	4.560757	65.346718	155.958984	146.186569	4.323948	58.736870	163.795746	110.654213	8.042425	203.200119	161.667511	93.812073	5.350166	-179.851654	
253	155.801254	150.830856	4.739446	70.567543	157.706314	149.075958	4.503701	63.721947	135.933273	110.654213	8.042425	203.200119	95.835403	111.638336	7.394102	-260.344360	
254	156.129074	155.359192	4.952180	77.044701	157.339783	151.733337	4.815252	72.843025	121.442436	127.115028	8.598991	232.297699	135.933273	78.927742	7.137729	-320.110535	
255	151.512253	153.175583	5.107359	81.948807	155.895355	151.733337	5.124999	82.515846	121.442436	127.115028	8.598991	232.297699	241.899414	117.634438	7.354976	-339.893158	
256	155.925461	150.626129	5.444991	93.141701	157.520569	152.409775	5.265508	87.102455	121.442436	127.115028	9.638062	291.829559	38.199547	151.645050	6.724602	-284.127380	
257	159.011841	154.394760	5.477034	94.241180	158.858047	152.041458	5.319656	88.903114	121.442436	127.115028	9.638062	291.829559	168.640671	220.348160	8.478519	-451.668610	
258	152.441589	149.030762	5.676633	101.235184	157.339783	150.531250	5.600677	98.544189	121.442436	139.735550	9.638062	291.829559	214.070648	153.386200	7.551851	-358.332947	
259	154.857788	147.967712	5.908936	109.690346	155.634888	150.552979	5.834521	106.944946	121.442436	191.865189	9.638062	260.229675	70.604294	154.701401	7.202470	-325.943878	
260	150.188751	147.336685	6.132273	118.138863	155.447357	151.856018	5.998534	113.042091	121.442436	191.865189	9.638062	260.229675	263.603699	139.155121	8.740957	-480.062622	
261	157.988632	154.864914	6.239050	122.288857	156.629089	153.007050	6.077590	116.041313	176.497604	170.709778	11.527814	417.487793	225.640015	104.407738	8.795256	-486.045380	
262	150.376724	155.747482	6.449733	130.687302	153.648285	153.962326	6.244292	122.494423	176.497604	170.709778	11.527814	417.487793	145.985413	11.448341	8.470975	-450.865143	
263	155.291733	153.590683	6.739444	142.691467	155.651810	153.212982	6.583672	136.171494	176.497604	170.709778	11.527814	417.487793	121.442436	247.448563	11.462347	-825.518860	
264	153.360641	149.595718	6.893165	149.275055	154.087891	152.370895	6.648065	138.848221	176.497604	170.709778	11.527814	417.487793	173.323059	206.906281	9.622424	-506.631409	
265	157.789551	148.216599	7.242769	164.800720	155.041351	152.624222	6.923422	150.588409	176.497604	170.709778	13.604925	581.489929	180.140213	69.451508	9.346606	-548.893066	
266	158.745590	152.751282	7.355295	169.961304	157.379303	154.312592	7.092182	158.019104	158.727234	169.539841	10.270527	331.386871	237.603088	152.831085	7.971701	-399.283936	
267	153.862366	156.570709	7.528787	178.073761	155.829895	156.067993	7.363698	170.349854	162.876633	173.295044	10.942372	376.160217	132.851929	229.543396	9.245148	-537.041199	
268	153.395447	157.869705	7.607718	181.827164	154.022263	156.823135	7.403329	172.188431	168.999741	182.841660	11.876318	443.112030	235.326630	192.886017	13.604925	-1162.979858	
269	157.535233	151.553543	7.665318	184.590897	154.022263	153.931580	7.518739	177.598740	162.876633	173.295044	10.942372	376.160217	256.657837	117.415977	11.876318	-886.224060	
270	156.709473	155.773895	7.685676	185.572678	153.746124	154.105438	7.606067	181.748199	162.876633	173.295044	10.942372	376.160217	261.952087	175.355194	9.480129	-564.687805	
271	155.966263	150.528214	7.958881	199.000397	154.976547	152.011215	7.860725	194.122147	152.494598	117.260330	10.770761	364.453979	148.394409	217.804092	8.680722	-473.469086	
272	155.137634	152.357758	8.008184	201.473541	152.534729	152.232758	8.174793	209.944000	152.494598	117.260330	10.770761	364.453979	27.050018	152.203949	9.793977	-602.695618	
273	155.348724	150.812363	8.385485	220.905350	152.594940	150.704056	8.372326	220.212585	152.494598	117.260330	12.900341	522.820068	53.294472	187.373459	9.504467	-567.590881	
274	154.955688	149.686554	8.687567	237.107986	153.044724	149.441376	8.656576	235.419373	184.115570	159.278870	13.565126	578.092834	276.796509	91.122406	13.933723	-1219.871948	
275	153.839157	148.720642	8.904897	249.119476	155.812241	150.931213	8.838881	245.439468	184.115570	159.278870	13.565126	578.092834	79.668121	129.734894	10.365862	-675.135193	
276	156.877029	154.703171	9.202483	266.047974	158.493469	150.833206	8.917114	249.803513	152.615005	177.098892	15.408566	745.889160	150.241974	273.122192	10.653992	-713.188904	
277	155.116943	150.418793	9.728191	297.313141	158.673050	150.098389	9.358206	275.128174	152.615005	177.098892	15.408566	745.889160	77.436974	119.344696	12.809917	-1031.032959	
278	159.123260	149.971786	10.206264	327.252899	158.102478	152.516144	9.843576	304.407745	152.615005	177.098892	15.408566	745.889160	240.399353	137.653030	13.276347	-1107.483032	
279	155.940033	148.981522	10.658139	356.872162	156.323151	153.458435	10.558985	350.262939	139.143127	179.178574	15.715740	775.924683	166.858398	213.392456	11.959062	-898.615845	
280	152.893890	152.277252	10.936044	375.725250	152.121887	154.033600	10.850372	369.861511	124.093399	148.378448	16.184393	822.891724	152.615005	280.061462	15.408566	-1491.778320	
281	149.325684	152.135269	11.354471	405.026733	150.511871	153.149490	11.162028	391.413788	124.093399	148.378448	16.184393	822.891724	208.195190	141.523026	16.223930	-1175.848633	
282	152.828384	155.124664	11.586041	421.715973	154.398010	153.348068	11.513727	416.468140	134.742645	153.878601	16.986626	906.492249	144.060989	245.289734	15.419078	-1493.814453	
283	148.661194	150.631363	11.785759	436.380157	147.070313	151.899292	11.529078	417.579346	117.608566	155.771088	17.672495	980.788696	73.799759	159.278870	15.900364	-1588.524902	
284	147.971359	150.903687	11.932932	447.346680	145.777252	152.937576	11.773046	435.439301	119.262123	158.171814	19.278683	1167.574829	216.600861	149.892059	15.332169	-1477.022339	
285	142.644348	148.125534	12.279799	473.731689	144.349091	152.630600	12.009762	453.125671	117.608566	155.771088	17.672495	980.788696	158.683090	228.922211	16.759672	-1764.862549	
286	152.534561	150.044159	12.191974	466.979614	148.779083	153.808105	12.077658	458.263550	117.608566	155.771088	17.672495	980.788696	119.874596	72.596992	14.671075	-1352.395508	
287	147.459183	150.131546	12.578573	497.064392	147.274628	153.808105	12.392164	482.441010	159.257935	146.129486	18.506857	1076.007324	136.212769	59.875587	16.543222	-1719.571045	
288	144.823929	150.282684	13.003607	531.223816	147.126495	153.925690	12.749720	510.682678	146.655945	153.696991	19.956543	1251.182129	126.439262	80.691589	13.848722	-1205.033936	
289	147.326752	151.483459	13.727222	591.991150	150.821091	153.925690	13.584613	579.754883	127.404396	165.137817	19.319504	1172.578247	-42.505142	155.771088	22.409128	-3155.221191	
290	154.090271	150.839386	13.834827	601.308533	152.374237	153.123230	13.738550	592.968567	126.292107	161.431107	18.357634	1058.725342	23.560051	165.137817	19.319504	-2345.156494	
291	151.379333	151.590103	14.089396	623.640930	153.052444	152.533936	13.939842	610.471802	124.931595	157.727036	18.402794	1063.940674	0.279022	151.884277	17.689259	-1966.070801	
292	152.441254	155.706955	14.249785	637.920471	152.513306	152.998840	14.169643	630.765198	126.292107	161.431107	20.387177	1305.762085	254.942017	298.488068	18.122278	-2063.504639	
293	145.519287	149.542450	14.349705	646.898010	148.692322	152.622803	14.561644	666.147888	152.132050	148.386292	23.285164	1703.367920	24.013618	178.112213	19.253828	-2329.239014	
294	149.303986	146.803619	14.496408	660.192688	148.682098	151.263794	14.606995	670.303711	143.883636	123.628883	21.671717	1475.490845	158.874527	-1.616272	15.445912	-1499.018555	
295	149.154846	152.356979	14.970633	704.093262	149.015594	152.578079	14.997437	706.616760	143.883636	123.628883	24.259029	1834.946167	163.898834	258.062927	20.083851	-2534.392334	
296	147.503830	149.402954	15.506718	755.422058	148.723083	151.192108	15.235437	729.221924	143.883636	123.628883	24.259029	1834.946167	51.716354	145.192383	17.288519	-1877.999390	
297	147.487244	149.160660	15.707345	775.095947	148.919601	150.351639	15.573967	761.988464	149.297882	135.514725	27.151800	2316.045898	151.303360	239.824020	19.519901	-2394.060547	
298	147.226028	149.465210	16.184093	822.861328	147.850555	151.049530	15.760376	780.338501	149.297882	135.514725	27.151800	2316.045898	143.569412	26.276482	20.125223	-2544.844727	
299	149.690445	152.967987	16.343054	839.104980	147.821381	153.606628	15.898993	794.125427	149.297882	135.514725	27.151800	2316.045898	136.991501	259.153076	23.611376	-3502.857422	
300	148.444702	152.858170	16.569647	862.534302	147.950989	153.439621	16.095203	813.847107	149.297882	135.514725	27.151800	2316.045898	260.902435	156.440887	19.328968	-2347.454590	
301	145.654495	152.477951	17.056704	913.987122	147.739227	153.051270	16.454945	850.633972	147.103500	124.186760	25.441113	1993.610229	149.297882	48.530495	27.151800	-4632.091797	
302	144.262100	149.927200	17.522011	964.534546	146.862366	149.670151	17.300137	940.262207	158.426239	151.061157	26.672525	2235.003174	146.912476	223.861710	21.401268	-2877.788574	
303	147.936020	152.432816	17.657822	979.544434	147.488251	151.012405	17.595985	972.695923	140.892807	147.651459	23.763220	1774.027954	147.103500	41.512909	25.441113	-4066.792969	
304	150.397827	149.724197	18.167744	1036.935913	148.923126	150.838776	18.194645	1040.008911	162.171768	152.784470	25.349361	2018.756592	156.401581	78.312431	23.163071	-3322.777100	
305	145.489944	150.618851	18.606228	1087.593384	146.441742	151.039307	18.561058	1082.319214	151.400253	159.534424	23.664555	1759.327026	60.201645	111.438225	26.452654	-4396.614746	
306	150.300339	149.550308	18.446320	1068.979370	147.559723	149.449631	18.591141	1085.830322	145.060944	136.179520	22.981491	1659.228882	215.900116	154.754333	19.416891	-2209.007813	
307	146.566666	147.359802	18.834314	1114.421509	147.043167	150.360168	18.919210	1124.490845	149.279114	153.344391	25.978508	2120.207031	45.006157	73.389900	22.981491	-3318.457764	
308	145.479080	151.989609	18.930927	1125.884033	146.797241	151.451736	18.981659	1131.926514	149.279114	153.344391	25.978508	2120.207031	67.774811	142.757904	20.685371	-2688.478271	
309	144.947754	150.436111	19.723291	1222.105347	146.009186	151.579849	19.695454	1218.658081	149.279114	153.344391	25.978508	2120.207031	137.890167	219.137787	23.535526	-3234.511475	
310	149.181213	151.508911	20.079077	1266.593750	146.797241	151.142792	20.059010	1264.063354	149.279114	153.344391	25.978508	2120.207031	144.313904	78.881584	25.539856	-3839.650391	
311	146.429398	147.869308	20.247461	1287.926392	146.485840	149.748993	20.121189	1271.912231	142.118088	168.582382	30.111629	2848.514160	45.219704	148.272705	22.750048	-3251.955078	
312	142.910034	148.939651	20.622873	1336.128540	145.557312	150.577759	20.514259	1322.091675	142.118088	168.582382	30.111629	2848.514160	142.152023	64.355560	25.997690	-4246.678711	
313	146.759888	149.271835	20.863970	1367.551758	146.612350	150.398438	20.869726	1368.306519	145.330200	154.157104	25.208481	1996.380127	170.924271	224.615021	22.952528	-3310.098633	
314	145.125458	156.161987	21.275795	1422.071655	146.188202	151.226151	21.246412	1418.146484	141.185425	149.564804	34.814121	3807.682861	272.119934	121.933235	33.737583	-7151.675781	
315	144.894165	152.760651	21.706238	1480.195190	146.251663	151.429749	21.683022	1477.030518	141.185425	149.564804	39.044952	4789.384277	67.615631	100.084785	27.066114	-4602.901855	
316	140.884537	153.726990	22.263830	1557.218872	142.772736	151.344055	22.347754	1568.980835	142.199051	146.099976	33.191135	3460.940430	79.925316	140.145081	29.545170	-4632.962891	
317	144.084122	152.624405	22.660711	1613.232422	141.944473	151.366440	22.481909	1587.874756	142.199051	146.099976	33.178951	3458.399658	275.992249	144.943100	28.676476	-5166.916504	
318	140.621246	154.610657	23.348127	1712.592407	143.355728	151.551056	23.018375	1664.559082	142.199051	146.099976	34.410324	3719.867188	131.158752	214.277679	38.229271	-5548.390625	
319	144.504303	147.116699	23.945433	1801.338135	143.991425	149.820190	23.462730	1729.445801	142.199051	146.099976	34.410324	3719.867188	137.222702	19.178978	28.329664	-5042.695313	
320	144.041550	156.860611	24.575363	1897.360229	143.717377	151.749100	23.885269	1792.297852	142.199051	146.099976	38.336517	4617.163086	272.832825	116.031998	48.831490	-14982.346680	
